-4.00000     94.08000
-3.97232     91.82442
-3.94464     89.57018
-3.91696     87.31865
-3.88927     85.07117
-3.86159     82.82909
-3.83391     80.59376
-3.80623     78.36654
-3.77855     76.14877
-3.75087     73.94180
-3.72318     71.74699
-3.69550     69.56568
-3.66782     67.39923
-3.64014     65.24898
-3.61246     63.11629
-3.58478     61.00251
-3.55709     58.90898
-3.52941     56.83706
-3.50173     54.78810
-3.47405     52.76345
-3.44637     50.76446
-3.41869     48.79247
-3.39100     46.84885
-3.36332     44.93494
-3.33564     43.05209
-3.30796     41.20165
-3.28028     39.38497
-3.25260     37.60340
-3.22491     35.85830
-3.19723     34.15101
-3.16955     32.48289
-3.14187     30.85528
-3.11419     29.26953
-3.08651     27.72700
-3.05882     26.22904
-3.03114     24.77699
-3.00346     23.37221
-2.97578     22.11087
-2.94810     20.91087
-2.92042     19.75743
-2.89273     18.64938
-2.86505     17.58553
-2.83737     16.56469
-2.80969     15.58568
-2.78201     14.64732
-2.75433     13.74842
-2.72664     12.88780
-2.69896     12.06428
-2.67128     11.27667
-2.64360     10.52378
-2.61592     9.80444
-2.58824     9.11746
-2.56055     8.46165
-2.53287     7.83584
-2.50519     7.23883
-2.47751     6.66944
-2.44983     6.12650
-2.42215     5.60881
-2.39446     5.11520
-2.36678     4.64447
-2.33910     4.19545
-2.31142     3.76695
-2.28374     3.35778
-2.25606     2.96677
-2.22837     2.59273
-2.20069     2.23447
-2.17301     1.89081
-2.14533     1.56057
-2.11765     1.24257
-2.08997     0.93561
-2.06228     0.63852
-2.03460     0.35011
-2.00692     0.06920
-1.97924     -0.16918
-1.95156     -0.38858
-1.92388     -0.59976
-1.89619     -0.80148
-1.86851     -0.99247
-1.84083     -1.17148
-1.81315     -1.33726
-1.78547     -1.48888
-1.75779     -1.62614
-1.73010     -1.74948
-1.70242     -1.85969
-1.67474     -1.95753
-1.64706     -2.04378
-1.61938     -2.11922
-1.59170     -2.18547
-1.56401     -2.24431
-1.53633     -2.29400
-1.50865     -2.33484
-1.48097     -2.36712
-1.45329     -2.39110
-1.42561     -2.40709
-1.39792     -2.41552
-1.37024     -2.41848
-1.34256     -2.41436
-1.31488     -2.40350
-1.28720     -2.38625
-1.25952     -2.36295
-1.23183     -2.33395
-1.20415     -2.29959
-1.17647     -2.26131
-1.14879     -2.21850
-1.12111     -2.17128
-1.09343     -2.11993
-1.06574     -2.06474
-1.03806     -2.00601
-1.01038     -1.94402
-0.98270     -1.87943
-0.95502     -1.81235
-0.92734     -1.74281
-0.89965     -1.67104
-0.87197     -1.59730
-0.84429     -1.52181
-0.81661     -1.44482
-0.78893     -1.36655
-0.76125     -1.28724
-0.73356     -1.20710
-0.70588     -1.12634
-0.67820     -1.04516
-0.65052     -0.96378
-0.62284     -0.88240
-0.59516     -0.80113
-0.56747     -0.71986
-0.53979     -0.63915
-0.51211     -0.55916
-0.48443     -0.48005
-0.45675     -0.40197
-0.42907     -0.32508
-0.40138     -0.24954
-0.37370     -0.17470
-0.34602     -0.10144
-0.31834     -0.02993
-0.29066     0.03973
-0.26298     0.10741
-0.23529     0.17299
-0.20761     0.23637
-0.17993     0.29821
-0.15225     0.35793
-0.12457     0.41517
-0.09689     0.46985
-0.06920     0.52189
-0.04152     0.57123
-0.01384     0.61779
0.01384     0.66208
0.04152     0.70407
0.06920     0.74311
0.09689     0.77920
0.12457     0.81228
0.15225     0.84234
0.17993     0.86935
0.20761     0.89359
0.23529     0.91559
0.26298     0.93450
0.29066     0.95033
0.31834     0.96309
0.34602     0.97280
0.37370     0.97947
0.40138     0.98316
0.42907     0.98484
0.45675     0.98356
0.48443     0.97938
0.51211     0.97235
0.53979     0.96253
0.56747     0.94997
0.59516     0.93474
0.62284     0.91754
0.65052     0.89794
0.67820     0.87592
0.70588     0.85156
0.73356     0.82496
0.76125     0.79623
0.78893     0.76546
0.81661     0.73300
0.84429     0.69891
0.87197     0.66314
0.89965     0.62584
0.92734     0.58715
0.95502     0.54721
0.98270     0.50616
1.01038     0.46411
1.03806     0.42122
1.06574     0.37770
1.09343     0.33375
1.12111     0.28954
1.14879     0.24526
1.17647     0.20110
1.20415     0.15715
1.23183     0.11311
1.25952     0.06980
1.28720     0.02744
1.31488     -0.01375
1.34256     -0.05353
1.37024     -0.09167
1.39792     -0.12796
1.42561     -0.16346
1.45329     -0.19671
1.48097     -0.22733
1.50865     -0.25506
1.53633     -0.27961
1.56401     -0.30073
1.59170     -0.31814
1.61938     -0.33315
1.64706     -0.34456
1.67474     -0.35138
1.70242     -0.35328
1.73010     -0.34996
1.75779     -0.34109
1.78547     -0.32638
1.81315     -0.30703
1.84083     -0.28287
1.86851     -0.25186
1.89619     -0.21364
1.92388     -0.16784
1.95156     -0.11413
1.97924     -0.05214
2.00692     0.01740
2.03460     0.09268
2.06228     0.17737
2.08997     0.27188
2.11765     0.37661
2.14533     0.49196
2.17301     0.61835
2.20069     0.75605
2.22837     0.90024
2.25606     1.05669
2.28374     1.22582
2.31142     1.40805
2.33910     1.60379
2.36678     1.81345
2.39446     2.03744
2.42215     2.27054
2.44983     2.51753
2.47751     2.78047
2.50519     3.05996
2.53287     3.35661
2.56055     3.67103
2.58824     4.00384
2.61592     4.35144
2.64360     4.71516
2.67128     5.09801
2.69896     5.49989
2.72664     5.92073
2.75433     6.36044
2.78201     6.81894
2.80969     7.29084
2.83737     7.77292
2.86505     8.27855
2.89273     8.81136
2.92042     9.37500
2.94810     9.97308
2.97578     10.60925
3.00346     11.28668
3.03114     12.00509
3.05882     12.76700
3.08651     13.57117
3.11419     14.41635
3.14187     15.30129
3.16955     16.22477
3.19723     17.18553
3.22491     18.18234
3.25260     19.21394
3.28028     20.27910
3.30796     21.37657
3.33564     22.50511
3.36332     23.66349
3.39100     24.85044
3.41869     26.06474
3.44637     27.30514
3.47405     28.57039
3.50173     29.85926
3.52941     31.17050
3.55709     32.50286
3.58478     33.85512
3.61246     35.22601
3.64014     36.61430
3.66782     38.01876
3.69550     39.43812
3.72318     40.87116
3.75087     42.31662
3.77855     43.77327
3.80623     45.23986
3.83391     46.71515
3.86159     48.19790
3.88927     49.68686
3.91696     51.18080
3.94464     52.67846
3.97232     54.17861
4.00000     55.68000
