0.1000000000          -0.0951625000            0.9899916806
0.2000000000          -0.1893725833            0.9700752082
0.3000000000          -0.2816873653            0.9404499132
0.4000000000          -0.3711829302            0.9014122951
0.5000000000          -0.4569635777            0.8533530549
0.6000000000          -0.5381707878            0.7967531846
0.7000000000          -0.6139918127            0.7321791540
0.8000000000          -0.6836678115            0.6602772406
0.9000000000          -0.7465014444            0.5817670616
1.0000000000          -0.8018638524            0.4974343720
1.1000000000          -0.8492009508            0.4081232004
1.2000000000          -0.8880389749            0.3147274013
1.3000000000          -0.9179892212            0.2181817100
1.4000000000          -0.9387519382            0.1194523863
1.5000000000          -0.9501193259            0.0195275451
1.6000000000          -0.9519776159            -0.0805927341
1.7000000000          -0.9443082098            -0.1799064155
1.8000000000          -0.9271878656            -0.2774195359
1.9000000000          -0.9007879290            -0.3721561531
2.0000000000          -0.8653726191            -0.4631681126
2.1000000000          -0.8212963835            -0.5495445377
2.2000000000          -0.7690003515            -0.6304209455
2.3000000000          -0.7090079183            -0.7049878991
2.4000000000          -0.6419195073            -0.7724991086
2.5000000000          -0.5684065609            -0.8322789003
2.6000000000          -0.4892048200            -0.8837289788
2.7000000000          -0.4051069611            -0.9263344155
2.8000000000          -0.3169546623            -0.9596688015
2.9000000000          -0.2256301800            -0.9833985155
3.0000000000          -0.1320475187            -0.9972860631
3.1000000000          -0.0371432837            -1.0011924532
3.2000000000          0.0581326931            -0.9950785895
3.3000000000          0.1528268594            -0.9790056613
3.4000000000          0.2459914856            -0.9531345318
3.5000000000          0.3366941505            -0.9177241274
3.6000000000          0.4240270728            -0.8731288468
3.7000000000          0.5071161966            -0.8197950138
3.8000000000          0.5851299396            -0.7582564104
3.9000000000          0.6572875153            -0.6891289347
4.0000000000          0.7228667475            -0.6131044365
4.1000000000          0.7812112985            -0.5309437932
4.2000000000          0.8317372372            -0.4434692949
4.3000000000          0.8739388840            -0.3515564141
4.4000000000          0.9073938712            -0.2561250445
4.5000000000          0.9317673708            -0.1581302937
4.6000000000          0.9468154449            -0.0585529243
4.7000000000          0.9523874875            0.0416104614
4.8000000000          0.9484277320            0.1413573963
4.9000000000          0.9349758088            0.2396895813
5.0000000000          0.9121663490            0.3356228763
5.1000000000          0.8802276370            0.4281971504
5.2000000000          0.8394793257            0.5164858907
5.3000000000          0.7903292371            0.5996054752
5.4000000000          0.7332692811            0.6767240165
5.5000000000          0.6688705319            0.7470696877
5.6000000000          0.5977775127            0.8099384469
5.7000000000          0.5207017453            0.8647010834
5.8000000000          0.4384146284            0.9108095152
5.9000000000          0.3517397179            0.9478022744
6.0000000000          0.2615444840            0.9753091258
6.1000000000          0.1687316293            0.9930547718
6.2000000000          0.0742300546            1.0008616085
6.3000000000          -0.0210144382            0.9986515025
6.4000000000          -0.1160486119            0.9864465733
6.5000000000          -0.2099213339            0.9643689717
6.6000000000          -0.3016930962            0.9326396574
6.7000000000          -0.3904454176            0.8915761874
6.8000000000          -0.4752900365            0.8415895382
6.9000000000          -0.5553778009            0.7831799921
7.0000000000          -0.6299071669            0.7169321304
7.1000000000          -0.6981322208            0.6435089830
7.2000000000          -0.7593701444            0.5636453921
7.3000000000          -0.8130080490            0.4781406581
7.4000000000          -0.8585091094            0.3878505396
7.5000000000          -0.8954179363            0.2936786891
7.6000000000          -0.9233651346            0.1965676084
7.7000000000          -0.9420709996            0.0974892163
7.8000000000          -0.9513483172            -0.0025648790
7.9000000000          -0.9511042369            -0.1025933042
8.0000000000          -0.9413412016            -0.2015949428
8.1000000000          -0.9221569228            -0.2985789548
8.2000000000          -0.8937434030            -0.3925746933
8.3000000000          -0.8563850138            -0.4826414189
8.4000000000          -0.8104556498            -0.5678777149
8.5000000000          -0.7564149867            -0.6474305094
8.6000000000          -0.6948038808            -0.7205036126
8.7000000000          -0.6262389558            -0.7863656854
8.8000000000          -0.5514064313            -0.8443575593
8.9000000000          -0.4710552550            -0.8938988330
9.0000000000          -0.3859896073            -0.9344936817
9.1000000000          -0.2970608524            -0.9657358191
9.2000000000          -0.2051590175            -0.9873125639
9.3000000000          -0.1112038856            -0.9990079692
9.4000000000          -0.0161357897            -1.0007049837
9.5000000000          0.0790937983            -0.9923866230
9.6000000000          0.1735317903            -0.9741361400
9.7000000000          0.2662330207            -0.9461361914
9.8000000000          0.3562697060            -0.9086670095
9.9000000000          0.4427407303            -0.8621035979
10.0000000000          0.5247806640            -0.8069119782
10.1000000000          0.6015684251            -0.7436445256
